[0.00465219 0.00666285 0.00738842 0.00661469]
[0.00520972 0.00419776 0.00371148 0.00175521]
[0.00736083 0.00777172 0.00724981 0.00572517]
[0.00169793 0.00437181 0.0080205  0.00284449]
[0.00527873 0.00198203 0.00117615 0.00103021]
[0.00673862 0.00469201 0.00405882 0.00572284]
[0.00057058 0.00102362 0.00631132 0.00085566]
[0.00289804 0.00762683 0.00423654 0.00159331]
[0.00148418 0.00220516 0.00221247 0.00496954]
[0.00654443 0.0015119  0.00201423 0.00237673]
[0.00107471 0.00602669 0.00788865 0.00118152]
[0.00236796 0.00686113 0.0050584  0.00300975]
[0.00543578 0.00224888 0.00300243 0.00178691]
[0.00103678 0.00343509 0.00780177 0.00110853]
[0.00104494 0.00051489 0.00118987 0.00833534]
[0.0011078  0.00415655 0.0016019  0.00184915]
[0.00787321 0.0029919  0.00506299 0.00540248]
[0.00289992 0.00173364 0.00567241 0.00343871]
[0.00090788 0.0006832  0.00203132 0.00505483]
[0.00589658 0.00269384 0.00248326 0.00554814]
[0.00356596 0.0043713  0.00175829 0.00099263]
[0.00210722 0.00506778 0.00154049 0.0008661 ]
[0.00685699 0.00070156 0.0007561  0.0012097 ]
[0.00337074 0.00135207 0.00359414 0.00148215]
[0.00338153 0.00548715 0.00264002 0.00249164]
[0.00449757 0.00422182 0.00569624 0.00204593]
[0.00171132 0.00487387 0.00566282 0.00372514]
[0.00505017 0.00696949 0.00527781 0.00243428]
[0.00754303 0.00631804 0.00754797 0.00804549]
[0.00408916 0.00494968 0.00856503 0.00437541]
[0.00106628 0.00101927 0.00342687 0.00463773]
[0.00085497 0.0008055  0.00419564 0.00324469]
[0.00151175 0.00280675 0.00597199 0.00375183]
[0.00707654 0.00350204 0.00260966 0.00366637]
[0.00286558 0.00588918 0.00536754 0.00146542]
[0.00138615 0.00281121 0.00445317 0.00473165]
[0.00100015 0.00759372 0.00248029 0.00086563]
[0.00163891 0.00598756 0.00635113 0.00224357]
[0.00736931 0.00434931 0.00616692 0.00895513]
[0.00445095 0.00317647 0.00147449 0.00111311]
[0.0011884  0.00769828 0.00546136 0.00121299]
[0.00627334 0.00154906 0.00231103 0.00423706]
[0.00415223 0.00450665 0.00553551 0.00743764]
[0.00238809 0.00177883 0.00541336 0.00139409]
[0.00738092 0.0046691  0.00587183 0.00456493]
[0.0011578  0.00154056 0.00664926 0.00252348]
[0.00381552 0.00218032 0.00588774 0.00646301]
[0.00667341 0.00314343 0.00701563 0.00637169]
[0.00338103 0.002954   0.00230002 0.0052699 ]
[0.00379282 0.00478173 0.00305262 0.0047161 ]
[0.00414638 0.00396082 0.00699893 0.00591537]
[0.00270377 0.00128176 0.00182537 0.00726982]
[0.00632863 0.00518318 0.0080832  0.00524234]
[0.00492428 0.00189812 0.00264006 0.0071899 ]
[0.00284031 0.00457134 0.00667931 0.00191652]
[0.00287278 0.00051852 0.00073127 0.00477218]
[0.00517755 0.00781803 0.00845477 0.00460043]
[0.00551663 0.00088678 0.001296   0.00541565]
[0.00545207 0.00504543 0.0030457  0.00326561]
[0.00369619 0.00193973 0.00408792 0.00737878]
[0.00095304 0.00290668 0.0020524  0.00287578]
[0.003403   0.006094   0.00439483 0.00400449]
[0.00563067 0.00155899 0.00376981 0.00587605]
[0.00494599 0.00054707 0.00071655 0.00262788]
